0 0.000000
1 0.006331
2 0.012663
3 0.018998
4 0.025338
5 0.031683
6 0.038035
7 0.044396
8 0.050767
9 0.057150
10 0.063545
32 0.189239
33 0.196187
34 0.203152
35 0.210156
36 0.217200
37 0.224287
38 0.231416
39 0.238589
40 0.245806
41 0.253068
42 0.260377
43 0.267732
44 0.275135
45 0.282586
46 0.290086
64 0.417113
65 0.425546
66 0.434000
67 0.442509
68 0.451073
69 0.459691
70 0.468364
71 0.477091
72 0.485873
73 0.494708
74 0.503596
75 0.512538
76 0.521533
93 0.691814
94 0.701719
95 0.711639
96 0.721595
97 0.731588
98 0.741616
99 0.751677
100 0.761772
101 0.771897
102 0.782053
103 0.792238
104 0.802451
105 0.812691
106 0.822955
107 0.833244
108 0.843555
77 0.530580
78 0.539679
79 0.548830
109 0.853887
110 0.864240
111 0.874611
112 0.884999
11 0.069954
12 0.076379
13 0.082821
14 0.089281
15 0.095761
16 0.102262
17 0.108785
47 0.297635
48 0.305235
49 0.312885
50 0.320587
51 0.328340
52 0.336146
80 0.558031
81 0.567283
82 0.576585
83 0.585936
84 0.595336
85 0.604784
86 0.614279
87 0.623820
88 0.633407
89 0.643038
90 0.652714
91 0.662432
92 0.672193
93 0.681995
94 0.691837
95 0.701696
53 0.344004
54 0.351915
55 0.359879
56 0.367897
57 0.375970
58 0.384096
59 0.392276
60 0.400512
61 0.408802
62 0.417146
63 0.425513
113 0.895403
114 0.905821
115 0.916253
116 0.926696
117 0.937149
118 0.947611
119 0.958080
120 0.968555
121 0.979034
122 0.989516
123 1.000000
18 0.115332
19 0.121904
20 0.128502
21 0.135127
22 0.141781
23 0.148465
24 0.155180
25 0.161928
26 0.168708
27 0.175523
28 0.182374
29 0.189262
30 0.196164
